              precision    recall  f1-score   support

           0       0.99      0.99      0.99      5952
           1       1.00      1.00      1.00      6791
           2       0.99      0.99      0.99      6026
           3       0.99      0.99      0.99      6084
           4       0.99      0.99      0.99      5780
           5       0.99      0.99      0.99      5454
           6       0.99      0.99      0.99      5957
           7       0.99      0.99      0.99      6231
           8       0.99      0.99      0.99      5890
           9       0.99      0.99      0.99      5835

    accuracy                           0.99     60000
   macro avg       0.99      0.99      0.99     60000
weighted avg       0.99      0.99      0.99     60000
